50 1225
0 1 4
0 2 7
0 3 10
0 4 13
0 5 16
0 6 19
0 7 22
0 8 25
0 9 28
0 10 31
0 11 34
0 12 37
0 13 40
0 14 43
0 15 46
0 16 49
0 17 2
0 18 5
0 19 8
0 20 11
0 21 14
0 22 17
0 23 20
0 24 23
0 25 26
0 26 29
0 27 32
0 28 35
0 29 38
0 30 41
0 31 44
0 32 47
0 33 50
0 34 3
0 35 6
0 36 9
0 37 12
0 38 15
0 39 18
0 40 21
0 41 24
0 42 27
0 43 30
0 44 33
0 45 36
0 46 39
0 47 42
0 48 45
0 49 48
1 2 13
1 3 19
1 4 25
1 5 31
1 6 37
1 7 43
1 8 49
1 9 5
1 10 11
1 11 17
1 12 23
1 13 29
1 14 35
1 15 41
1 16 47
1 17 3
1 18 9
1 19 15
1 20 21
1 21 27
1 22 33
1 23 39
1 24 45
1 25 1
1 26 7
1 27 13
1 28 19
1 29 25
1 30 31
1 31 37
1 32 43
1 33 49
1 34 5
1 35 11
1 36 17
1 37 23
1 38 29
1 39 35
1 40 41
1 41 47
1 42 3
1 43 9
1 44 15
1 45 21
1 46 27
1 47 33
1 48 39
1 49 45
2 3 28
2 4 37
2 5 46
2 6 5
2 7 14
2 8 23
2 9 32
2 10 41
2 11 50
2 12 9
2 13 18
2 14 27
2 15 36
2 16 45
2 17 4
2 18 13
2 19 22
2 20 31
2 21 40
2 22 49
2 23 8
2 24 17
2 25 26
2 26 35
2 27 44
2 28 3
2 29 12
2 30 21
2 31 30
2 32 39
2 33 48
2 34 7
2 35 16
2 36 25
2 37 34
2 38 43
2 39 2
2 40 11
2 41 20
2 42 29
2 43 38
2 44 47
2 45 6
2 46 15
2 47 24
2 48 33
2 49 42
3 4 49
3 5 11
3 6 23
3 7 35
3 8 47
3 9 9
3 10 21
3 11 33
3 12 45
3 13 7
3 14 19
3 15 31
3 16 43
3 17 5
3 18 17
3 19 29
3 20 41
3 21 3
3 22 15
3 23 27
3 24 39
3 25 1
3 26 13
3 27 25
3 28 37
3 29 49
3 30 11
3 31 23
3 32 35
3 33 47
3 34 9
3 35 21
3 36 33
3 37 45
3 38 7
3 39 19
3 40 31
3 41 43
3 42 5
3 43 17
3 44 29
3 45 41
3 46 3
3 47 15
3 48 27
3 49 39
4 5 26
4 6 41
4 7 6
4 8 21
4 9 36
4 10 1
4 11 16
4 12 31
4 13 46
4 14 11
4 15 26
4 16 41
4 17 6
4 18 21
4 19 36
4 20 1
4 21 16
4 22 31
4 23 46
4 24 11
4 25 26
4 26 41
4 27 6
4 28 21
4 29 36
4 30 1
4 31 16
4 32 31
4 33 46
4 34 11
4 35 26
4 36 41
4 37 6
4 38 21
4 39 36
4 40 1
4 41 16
4 42 31
4 43 46
4 44 11
4 45 26
4 46 41
4 47 6
4 48 21
4 49 36
5 6 9
5 7 27
5 8 45
5 9 13
5 10 31
5 11 49
5 12 17
5 13 35
5 14 3
5 15 21
5 16 39
5 17 7
5 18 25
5 19 43
5 20 11
5 21 29
5 22 47
5 23 15
5 24 33
5 25 1
5 26 19
5 27 37
5 28 5
5 29 23
5 30 41
5 31 9
5 32 27
5 33 45
5 34 13
5 35 31
5 36 49
5 37 17
5 38 35
5 39 3
5 40 21
5 41 39
5 42 7
5 43 25
5 44 43
5 45 11
5 46 29
5 47 47
5 48 15
5 49 33
6 7 48
6 8 19
6 9 40
6 10 11
6 11 32
6 12 3
6 13 24
6 14 45
6 15 16
6 16 37
6 17 8
6 18 29
6 19 50
6 20 21
6 21 42
6 22 13
6 23 34
6 24 5
6 25 26
6 26 47
6 27 18
6 28 39
6 29 10
6 30 31
6 31 2
6 32 23
6 33 44
6 34 15
6 35 36
6 36 7
6 37 28
6 38 49
6 39 20
6 40 41
6 41 12
6 42 33
6 43 4
6 44 25
6 45 46
6 46 17
6 47 38
6 48 9
6 49 30
7 8 43
7 9 17
7 10 41
7 11 15
7 12 39
7 13 13
7 14 37
7 15 11
7 16 35
7 17 9
7 18 33
7 19 7
7 20 31
7 21 5
7 22 29
7 23 3
7 24 27
7 25 1
7 26 25
7 27 49
7 28 23
7 29 47
7 30 21
7 31 45
7 32 19
7 33 43
7 34 17
7 35 41
7 36 15
7 37 39
7 38 13
7 39 37
7 40 11
7 41 35
7 42 9
7 43 33
7 44 7
7 45 31
7 46 5
7 47 29
7 48 3
7 49 27
8 9 44
8 10 21
8 11 48
8 12 25
8 13 2
8 14 29
8 15 6
8 16 33
8 17 10
8 18 37
8 19 14
8 20 41
8 21 18
8 22 45
8 23 22
8 24 49
8 25 26
8 26 3
8 27 30
8 28 7
8 29 34
8 30 11
8 31 38
8 32 15
8 33 42
8 34 19
8 35 46
8 36 23
8 37 50
8 38 27
8 39 4
8 40 31
8 41 8
8 42 35
8 43 12
8 44 39
8 45 16
8 46 43
8 47 20
8 48 47
8 49 24
9 10 1
9 11 31
9 12 11
9 13 41
9 14 21
9 15 1
9 16 31
9 17 11
9 18 41
9 19 21
9 20 1
9 21 31
9 22 11
9 23 41
9 24 21
9 25 1
9 26 31
9 27 11
9 28 41
9 29 21
9 30 1
9 31 31
9 32 11
9 33 41
9 34 21
9 35 1
9 36 31
9 37 11
9 38 41
9 39 21
9 40 1
9 41 31
9 42 11
9 43 41
9 44 21
9 45 1
9 46 31
9 47 11
9 48 41
9 49 21
10 11 14
10 12 47
10 13 30
10 14 13
10 15 46
10 16 29
10 17 12
10 18 45
10 19 28
10 20 11
10 21 44
10 22 27
10 23 10
10 24 43
10 25 26
10 26 9
10 27 42
10 28 25
10 29 8
10 30 41
10 31 24
10 32 7
10 33 40
10 34 23
10 35 6
10 36 39
10 37 22
10 38 5
10 39 38
10 40 21
10 41 4
10 42 37
10 43 20
10 44 3
10 45 36
10 46 19
10 47 2
10 48 35
10 49 18
11 12 33
11 13 19
11 14 5
11 15 41
11 16 27
11 17 13
11 18 49
11 19 35
11 20 21
11 21 7
11 22 43
11 23 29
11 24 15
11 25 1
11 26 37
11 27 23
11 28 9
11 29 45
11 30 31
11 31 17
11 32 3
11 33 39
11 34 25
11 35 11
11 36 47
11 37 33
11 38 19
11 39 5
11 40 41
11 41 27
11 42 13
11 43 49
11 44 35
11 45 21
11 46 7
11 47 43
11 48 29
11 49 15
12 13 8
12 14 47
12 15 36
12 16 25
12 17 14
12 18 3
12 19 42
12 20 31
12 21 20
12 22 9
12 23 48
12 24 37
12 25 26
12 26 15
12 27 4
12 28 43
12 29 32
12 30 21
12 31 10
12 32 49
12 33 38
12 34 27
12 35 16
12 36 5
12 37 44
12 38 33
12 39 22
12 40 11
12 41 50
12 42 39
12 43 28
12 44 17
12 45 6
12 46 45
12 47 34
12 48 23
12 49 12
13 14 39
13 15 31
13 16 23
13 17 15
13 18 7
13 19 49
13 20 41
13 21 33
13 22 25
13 23 17
13 24 9
13 25 1
13 26 43
13 27 35
13 28 27
13 29 19
13 30 11
13 31 3
13 32 45
13 33 37
13 34 29
13 35 21
13 36 13
13 37 5
13 38 47
13 39 39
13 40 31
13 41 23
13 42 15
13 43 7
13 44 49
13 45 41
13 46 33
13 47 25
13 48 17
13 49 9
14 15 26
14 16 21
14 17 16
14 18 11
14 19 6
14 20 1
14 21 46
14 22 41
14 23 36
14 24 31
14 25 26
14 26 21
14 27 16
14 28 11
14 29 6
14 30 1
14 31 46
14 32 41
14 33 36
14 34 31
14 35 26
14 36 21
14 37 16
14 38 11
14 39 6
14 40 1
14 41 46
14 42 41
14 43 36
14 44 31
14 45 26
14 46 21
14 47 16
14 48 11
14 49 6
15 16 19
15 17 17
15 18 15
15 19 13
15 20 11
15 21 9
15 22 7
15 23 5
15 24 3
15 25 1
15 26 49
15 27 47
15 28 45
15 29 43
15 30 41
15 31 39
15 32 37
15 33 35
15 34 33
15 35 31
15 36 29
15 37 27
15 38 25
15 39 23
15 40 21
15 41 19
15 42 17
15 43 15
15 44 13
15 45 11
15 46 9
15 47 7
15 48 5
15 49 3
16 17 18
16 18 19
16 19 20
16 20 21
16 21 22
16 22 23
16 23 24
16 24 25
16 25 26
16 26 27
16 27 28
16 28 29
16 29 30
16 30 31
16 31 32
16 32 33
16 33 34
16 34 35
16 35 36
16 36 37
16 37 38
16 38 39
16 39 40
16 40 41
16 41 42
16 42 43
16 43 44
16 44 45
16 45 46
16 46 47
16 47 48
16 48 49
16 49 50
17 18 23
17 19 27
17 20 31
17 21 35
17 22 39
17 23 43
17 24 47
17 25 1
17 26 5
17 27 9
17 28 13
17 29 17
17 30 21
17 31 25
17 32 29
17 33 33
17 34 37
17 35 41
17 36 45
17 37 49
17 38 3
17 39 7
17 40 11
17 41 15
17 42 19
17 43 23
17 44 27
17 45 31
17 46 35
17 47 39
17 48 43
17 49 47
18 19 34
18 20 41
18 21 48
18 22 5
18 23 12
18 24 19
18 25 26
18 26 33
18 27 40
18 28 47
18 29 4
18 30 11
18 31 18
18 32 25
18 33 32
18 34 39
18 35 46
18 36 3
18 37 10
18 38 17
18 39 24
18 40 31
18 41 38
18 42 45
18 43 2
18 44 9
18 45 16
18 46 23
18 47 30
18 48 37
18 49 44
19 20 1
19 21 11
19 22 21
19 23 31
19 24 41
19 25 1
19 26 11
19 27 21
19 28 31
19 29 41
19 30 1
19 31 11
19 32 21
19 33 31
19 34 41
19 35 1
19 36 11
19 37 21
19 38 31
19 39 41
19 40 1
19 41 11
19 42 21
19 43 31
19 44 41
19 45 1
19 46 11
19 47 21
19 48 31
19 49 41
20 21 24
20 22 37
20 23 50
20 24 13
20 25 26
20 26 39
20 27 2
20 28 15
20 29 28
20 30 41
20 31 4
20 32 17
20 33 30
20 34 43
20 35 6
20 36 19
20 37 32
20 38 45
20 39 8
20 40 21
20 41 34
20 42 47
20 43 10
20 44 23
20 45 36
20 46 49
20 47 12
20 48 25
20 49 38
21 22 3
21 23 19
21 24 35
21 25 1
21 26 17
21 27 33
21 28 49
21 29 15
21 30 31
21 31 47
21 32 13
21 33 29
21 34 45
21 35 11
21 36 27
21 37 43
21 38 9
21 39 25
21 40 41
21 41 7
21 42 23
21 43 39
21 44 5
21 45 21
21 46 37
21 47 3
21 48 19
21 49 35
22 23 38
22 24 7
22 25 26
22 26 45
22 27 14
22 28 33
22 29 2
22 30 21
22 31 40
22 32 9
22 33 28
22 34 47
22 35 16
22 36 35
22 37 4
22 38 23
22 39 42
22 40 11
22 41 30
22 42 49
22 43 18
22 44 37
22 45 6
22 46 25
22 47 44
22 48 13
22 49 32
23 24 29
23 25 1
23 26 23
23 27 45
23 28 17
23 29 39
23 30 11
23 31 33
23 32 5
23 33 27
23 34 49
23 35 21
23 36 43
23 37 15
23 38 37
23 39 9
23 40 31
23 41 3
23 42 25
23 43 47
23 44 19
23 45 41
23 46 13
23 47 35
23 48 7
23 49 29
24 25 26
24 26 1
24 27 26
24 28 1
24 29 26
24 30 1
24 31 26
24 32 1
24 33 26
24 34 1
24 35 26
24 36 1
24 37 26
24 38 1
24 39 26
24 40 1
24 41 26
24 42 1
24 43 26
24 44 1
24 45 26
24 46 1
24 47 26
24 48 1
24 49 26
25 26 29
25 27 7
25 28 35
25 29 13
25 30 41
25 31 19
25 32 47
25 33 25
25 34 3
25 35 31
25 36 9
25 37 37
25 38 15
25 39 43
25 40 21
25 41 49
25 42 27
25 43 5
25 44 33
25 45 11
25 46 39
25 47 17
25 48 45
25 49 23
26 27 38
26 28 19
26 29 50
26 30 31
26 31 12
26 32 43
26 33 24
26 34 5
26 35 36
26 36 17
26 37 48
26 38 29
26 39 10
26 40 41
26 41 22
26 42 3
26 43 34
26 44 15
26 45 46
26 46 27
26 47 8
26 48 39
26 49 20
27 28 3
27 29 37
27 30 21
27 31 5
27 32 39
27 33 23
27 34 7
27 35 41
27 36 25
27 37 9
27 38 43
27 39 27
27 40 11
27 41 45
27 42 29
27 43 13
27 44 47
27 45 31
27 46 15
27 47 49
27 48 33
27 49 17
28 29 24
28 30 11
28 31 48
28 32 35
28 33 22
28 34 9
28 35 46
28 36 33
28 37 20
28 38 7
28 39 44
28 40 31
28 41 18
28 42 5
28 43 42
28 44 29
28 45 16
28 46 3
28 47 40
28 48 27
28 49 14
29 30 1
29 31 41
29 32 31
29 33 21
29 34 11
29 35 1
29 36 41
29 37 31
29 38 21
29 39 11
29 40 1
29 41 41
29 42 31
29 43 21
29 44 11
29 45 1
29 46 41
29 47 31
29 48 21
29 49 11
30 31 34
30 32 27
30 33 20
30 34 13
30 35 6
30 36 49
30 37 42
30 38 35
30 39 28
30 40 21
30 41 14
30 42 7
30 43 50
30 44 43
30 45 36
30 46 29
30 47 22
30 48 15
30 49 8
31 32 23
31 33 19
31 34 15
31 35 11
31 36 7
31 37 3
31 38 49
31 39 45
31 40 41
31 41 37
31 42 33
31 43 29
31 44 25
31 45 21
31 46 17
31 47 13
31 48 9
31 49 5
32 33 18
32 34 17
32 35 16
32 36 15
32 37 14
32 38 13
32 39 12
32 40 11
32 41 10
32 42 9
32 43 8
32 44 7
32 45 6
32 46 5
32 47 4
32 48 3
32 49 2
33 34 19
33 35 21
33 36 23
33 37 25
33 38 27
33 39 29
33 40 31
33 41 33
33 42 35
33 43 37
33 44 39
33 45 41
33 46 43
33 47 45
33 48 47
33 49 49
34 35 26
34 36 31
34 37 36
34 38 41
34 39 46
34 40 1
34 41 6
34 42 11
34 43 16
34 44 21
34 45 26
34 46 31
34 47 36
34 48 41
34 49 46
35 36 39
35 37 47
35 38 5
35 39 13
35 40 21
35 41 29
35 42 37
35 43 45
35 44 3
35 45 11
35 46 19
35 47 27
35 48 35
35 49 43
36 37 8
36 38 19
36 39 30
36 40 41
36 41 2
36 42 13
36 43 24
36 44 35
36 45 46
36 46 7
36 47 18
36 48 29
36 49 40
37 38 33
37 39 47
37 40 11
37 41 25
37 42 39
37 43 3
37 44 17
37 45 31
37 46 45
37 47 9
37 48 23
37 49 37
38 39 14
38 40 31
38 41 48
38 42 15
38 43 32
38 44 49
38 45 16
38 46 33
38 47 50
38 48 17
38 49 34
39 40 1
39 41 21
39 42 41
39 43 11
39 44 31
39 45 1
39 46 21
39 47 41
39 48 11
39 49 31
40 41 44
40 42 17
40 43 40
40 44 13
40 45 36
40 46 9
40 47 32
40 48 5
40 49 28
41 42 43
41 43 19
41 44 45
41 45 21
41 46 47
41 47 23
41 48 49
41 49 25
42 43 48
42 44 27
42 45 6
42 46 35
42 47 14
42 48 43
42 49 22
43 44 9
43 45 41
43 46 23
43 47 5
43 48 37
43 49 19
44 45 26
44 46 11
44 47 46
44 48 31
44 49 16
45 46 49
45 47 37
45 48 25
45 49 13
46 47 28
46 48 19
46 49 10
47 48 13
47 49 7
48 49 4
