500 748
0 1 3
0 251 253
1 2 12
1 252 12
2 3 27
2 253 277
3 4 48
3 254 48
4 5 75
4 255 325
5 6 108
5 256 108
6 7 147
6 257 397
7 8 192
7 258 192
8 9 243
8 259 493
9 10 300
9 260 300
10 11 363
10 261 113
11 12 432
11 262 432
12 13 7
12 263 257
13 14 88
13 264 88
14 15 175
14 265 425
15 16 268
15 266 268
16 17 367
16 267 117
17 18 472
17 268 472
18 19 83
18 269 333
19 20 200
19 270 200
20 21 323
20 271 73
21 22 452
21 272 452
22 23 87
22 273 337
23 24 228
23 274 228
24 25 375
24 275 125
25 26 28
25 276 28
26 27 187
26 277 437
27 28 352
27 278 352
28 29 23
28 279 273
29 30 200
29 280 200
30 31 383
30 281 133
31 32 72
31 282 72
32 33 267
32 283 17
33 34 468
33 284 468
34 35 175
34 285 425
35 36 388
35 286 388
36 37 107
36 287 357
37 38 332
37 288 332
38 39 63
38 289 313
39 40 300
39 290 300
40 41 43
40 291 293
41 42 292
41 292 292
42 43 47
42 293 297
43 44 308
43 294 308
44 45 75
44 295 325
45 46 348
45 296 348
46 47 127
46 297 377
47 48 412
47 298 412
48 49 203
48 299 453
49 50 0
49 300 0
50 51 303
50 301 53
51 52 112
51 302 112
52 53 427
52 303 177
53 54 248
53 304 248
54 55 75
54 305 325
55 56 408
55 306 408
56 57 247
56 307 497
57 58 92
57 308 92
58 59 443
58 309 193
59 60 300
59 310 300
60 61 163
60 311 413
61 62 32
61 312 32
62 63 407
62 313 157
63 64 288
63 314 288
64 65 175
64 315 425
65 66 68
65 316 68
66 67 467
66 317 217
67 68 372
67 318 372
68 69 283
68 319 33
69 70 200
69 320 200
70 71 123
70 321 373
71 72 52
71 322 52
72 73 487
72 323 237
73 74 428
73 324 428
74 75 375
74 325 125
75 76 328
75 326 328
76 77 287
76 327 37
77 78 252
77 328 252
78 79 223
78 329 473
79 80 200
79 330 200
80 81 183
80 331 433
81 82 172
81 332 172
82 83 167
82 333 417
83 84 168
83 334 168
84 85 175
84 335 425
85 86 188
85 336 188
86 87 207
86 337 457
87 88 232
87 338 232
88 89 263
88 339 13
89 90 300
89 340 300
90 91 343
90 341 93
91 92 392
91 342 392
92 93 447
92 343 197
93 94 8
93 344 8
94 95 75
94 345 325
95 96 148
95 346 148
96 97 227
96 347 477
97 98 312
97 348 312
98 99 403
98 349 153
99 100 0
99 350 0
100 101 103
100 351 353
101 102 212
101 352 212
102 103 327
102 353 77
103 104 448
103 354 448
104 105 75
104 355 325
105 106 208
105 356 208
106 107 347
106 357 97
107 108 492
107 358 492
108 109 143
108 359 393
109 110 300
109 360 300
110 111 463
110 361 213
111 112 132
111 362 132
112 113 307
112 363 57
113 114 488
113 364 488
114 115 175
114 365 425
115 116 368
115 366 368
116 117 67
116 367 317
117 118 272
117 368 272
118 119 483
118 369 233
119 120 200
119 370 200
120 121 423
120 371 173
121 122 152
121 372 152
122 123 387
122 373 137
123 124 128
123 374 128
124 125 375
124 375 125
125 126 128
125 376 128
126 127 387
126 377 137
127 128 152
127 378 152
128 129 423
128 379 173
129 130 200
129 380 200
130 131 483
130 381 233
131 132 272
131 382 272
132 133 67
132 383 317
133 134 368
133 384 368
134 135 175
134 385 425
135 136 488
135 386 488
136 137 307
136 387 57
137 138 132
137 388 132
138 139 463
138 389 213
139 140 300
139 390 300
140 141 143
140 391 393
141 142 492
141 392 492
142 143 347
142 393 97
143 144 208
143 394 208
144 145 75
144 395 325
145 146 448
145 396 448
146 147 327
146 397 77
147 148 212
147 398 212
148 149 103
148 399 353
149 150 0
149 400 0
150 151 403
150 401 153
151 152 312
151 402 312
152 153 227
152 403 477
153 154 148
153 404 148
154 155 75
154 405 325
155 156 8
155 406 8
156 157 447
156 407 197
157 158 392
157 408 392
158 159 343
158 409 93
159 160 300
159 410 300
160 161 263
160 411 13
161 162 232
161 412 232
162 163 207
162 413 457
163 164 188
163 414 188
164 165 175
164 415 425
165 166 168
165 416 168
166 167 167
166 417 417
167 168 172
167 418 172
168 169 183
168 419 433
169 170 200
169 420 200
170 171 223
170 421 473
171 172 252
171 422 252
172 173 287
172 423 37
173 174 328
173 424 328
174 175 375
174 425 125
175 176 428
175 426 428
176 177 487
176 427 237
177 178 52
177 428 52
178 179 123
178 429 373
179 180 200
179 430 200
180 181 283
180 431 33
181 182 372
181 432 372
182 183 467
182 433 217
183 184 68
183 434 68
184 185 175
184 435 425
185 186 288
185 436 288
186 187 407
186 437 157
187 188 32
187 438 32
188 189 163
188 439 413
189 190 300
189 440 300
190 191 443
190 441 193
191 192 92
191 442 92
192 193 247
192 443 497
193 194 408
193 444 408
194 195 75
194 445 325
195 196 248
195 446 248
196 197 427
196 447 177
197 198 112
197 448 112
198 199 303
198 449 53
199 200 0
199 450 0
200 201 203
200 451 453
201 202 412
201 452 412
202 203 127
202 453 377
203 204 348
203 454 348
204 205 75
204 455 325
205 206 308
205 456 308
206 207 47
206 457 297
207 208 292
207 458 292
208 209 43
208 459 293
209 210 300
209 460 300
210 211 63
210 461 313
211 212 332
211 462 332
212 213 107
212 463 357
213 214 388
213 464 388
214 215 175
214 465 425
215 216 468
215 466 468
216 217 267
216 467 17
217 218 72
217 468 72
218 219 383
218 469 133
219 220 200
219 470 200
220 221 23
220 471 273
221 222 352
221 472 352
222 223 187
222 473 437
223 224 28
223 474 28
224 225 375
224 475 125
225 226 228
225 476 228
226 227 87
226 477 337
227 228 452
227 478 452
228 229 323
228 479 73
229 230 200
229 480 200
230 231 83
230 481 333
231 232 472
231 482 472
232 233 367
232 483 117
233 234 268
233 484 268
234 235 175
234 485 425
235 236 88
235 486 88
236 237 7
236 487 257
237 238 432
237 488 432
238 239 363
238 489 113
239 240 300
239 490 300
240 241 243
240 491 493
241 242 192
241 492 192
242 243 147
242 493 397
243 244 108
243 494 108
244 245 75
244 495 325
245 246 48
245 496 48
246 247 27
246 497 277
247 248 12
247 498 12
248 249 3
248 499 253
249 250 0
250 251 3
251 252 12
252 253 27
253 254 48
254 255 75
255 256 108
256 257 147
257 258 192
258 259 243
259 260 300
260 261 363
261 262 432
262 263 7
263 264 88
264 265 175
265 266 268
266 267 367
267 268 472
268 269 83
269 270 200
270 271 323
271 272 452
272 273 87
273 274 228
274 275 375
275 276 28
276 277 187
277 278 352
278 279 23
279 280 200
280 281 383
281 282 72
282 283 267
283 284 468
284 285 175
285 286 388
286 287 107
287 288 332
288 289 63
289 290 300
290 291 43
291 292 292
292 293 47
293 294 308
294 295 75
295 296 348
296 297 127
297 298 412
298 299 203
299 300 0
300 301 303
301 302 112
302 303 427
303 304 248
304 305 75
305 306 408
306 307 247
307 308 92
308 309 443
309 310 300
310 311 163
311 312 32
312 313 407
313 314 288
314 315 175
315 316 68
316 317 467
317 318 372
318 319 283
319 320 200
320 321 123
321 322 52
322 323 487
323 324 428
324 325 375
325 326 328
326 327 287
327 328 252
328 329 223
329 330 200
330 331 183
331 332 172
332 333 167
333 334 168
334 335 175
335 336 188
336 337 207
337 338 232
338 339 263
339 340 300
340 341 343
341 342 392
342 343 447
343 344 8
344 345 75
345 346 148
346 347 227
347 348 312
348 349 403
349 350 0
350 351 103
351 352 212
352 353 327
353 354 448
354 355 75
355 356 208
356 357 347
357 358 492
358 359 143
359 360 300
360 361 463
361 362 132
362 363 307
363 364 488
364 365 175
365 366 368
366 367 67
367 368 272
368 369 483
369 370 200
370 371 423
371 372 152
372 373 387
373 374 128
374 375 375
375 376 128
376 377 387
377 378 152
378 379 423
379 380 200
380 381 483
381 382 272
382 383 67
383 384 368
384 385 175
385 386 488
386 387 307
387 388 132
388 389 463
389 390 300
390 391 143
391 392 492
392 393 347
393 394 208
394 395 75
395 396 448
396 397 327
397 398 212
398 399 103
399 400 0
400 401 403
401 402 312
402 403 227
403 404 148
404 405 75
405 406 8
406 407 447
407 408 392
408 409 343
409 410 300
410 411 263
411 412 232
412 413 207
413 414 188
414 415 175
415 416 168
416 417 167
417 418 172
418 419 183
419 420 200
420 421 223
421 422 252
422 423 287
423 424 328
424 425 375
425 426 428
426 427 487
427 428 52
428 429 123
429 430 200
430 431 283
431 432 372
432 433 467
433 434 68
434 435 175
435 436 288
436 437 407
437 438 32
438 439 163
439 440 300
440 441 443
441 442 92
442 443 247
443 444 408
444 445 75
445 446 248
446 447 427
447 448 112
448 449 303
449 450 0
450 451 203
451 452 412
452 453 127
453 454 348
454 455 75
455 456 308
456 457 47
457 458 292
458 459 43
459 460 300
460 461 63
461 462 332
462 463 107
463 464 388
464 465 175
465 466 468
466 467 267
467 468 72
468 469 383
469 470 200
470 471 23
471 472 352
472 473 187
473 474 28
474 475 375
475 476 228
476 477 87
477 478 452
478 479 323
479 480 200
480 481 83
481 482 472
482 483 367
483 484 268
484 485 175
485 486 88
486 487 7
487 488 432
488 489 363
489 490 300
490 491 243
491 492 192
492 493 147
493 494 108
494 495 75
495 496 48
496 497 27
497 498 12
498 499 3
