50 73
0 1 3
0 26 28
1 2 12
1 27 12
2 3 27
2 28 2
3 4 48
3 29 48
4 5 25
4 30 0
5 6 8
5 31 8
6 7 47
6 32 22
7 8 42
7 33 42
8 9 43
8 34 18
9 10 0
9 35 0
10 11 13
10 36 38
11 12 32
11 37 32
12 13 7
12 38 32
13 14 38
13 39 38
14 15 25
14 40 0
15 16 18
15 41 18
16 17 17
16 42 42
17 18 22
17 43 22
18 19 33
18 44 8
19 20 0
19 45 0
20 21 23
20 46 48
21 22 2
21 47 2
22 23 37
22 48 12
23 24 28
23 49 28
24 25 25
25 26 28
26 27 37
27 28 2
28 29 23
29 30 0
30 31 33
31 32 22
32 33 17
33 34 18
34 35 25
35 36 38
36 37 7
37 38 32
38 39 13
39 40 0
40 41 43
41 42 42
42 43 47
43 44 8
44 45 25
45 46 48
46 47 27
47 48 12
48 49 3
